60 92
73
34 6 16 0
13 3 29 82
13 5 16 82
10 12 16 21
10 12 35 34
6 7 30 85
6 15 7 64
25 7 35 46
25 15 29 59
21 12 16 9
16 7 0 18
16 5 14 87
21 3 16 6
21 5 16 54
5 7 16 33
5 5 0 81
4 1 25 33
4 10 12 30
6 13 13 66
12 13 0 27
12 9 26 24
23 6 37 53
7 3 0 67
7 5 0 62
2 1 40 74
2 10 38 24
6 6 40 6
6 5 36 87
14 7 28 75
14 6 0 86
16 3 0 54
16 5 44 78
14 6 21 34
14 5 0 57
14 13 41 12
3 2 2 79
3 7 52 5
11 2 1 25
11 7 5 79
6 7 54 59
6 6 46 6
33 14 2 40
12 4 17 59
12 3 48 25
16 18 0 0
12 3 48 75
12 18 48 28
4 4 44 74
4 3 12 27
3 1 16 63
3 2 26 22
6 9 1 70
6 9 54 66
6 1 20 81
6 2 8 62
5 7 43 25
5 18 55 7
3 9 40 25
3 9 45 37
9 18 19 63
6 5 50 0
6 2 36 85
2 12 0 42
2 9 14 57
8 3 29 21
8 9 52 83
10 9 42 83
3 5 45 32
3 2 13 25
3 18 37 6
3 7 57 0
2 3 17 79
2 9 42 74
