60 92
73
34 6 13 26
13 3 14 33
13 5 42 37
10 12 22 14
10 12 11 65
6 7 20 37
6 15 20 44
25 7 26 42
25 15 33 0
21 12 6 80
16 7 26 52
16 5 4 53
21 3 1 14
21 5 39 21
5 7 36 70
5 5 50 28
4 1 41 61
4 10 38 32
6 13 45 49
12 13 1 27
12 9 0 18
23 6 35 15
7 3 14 77
7 5 32 21
2 1 21 32
2 10 43 49
6 6 0 59
6 5 14 36
14 7 27 85
14 6 43 80
16 3 27 49
16 5 27 80
14 6 41 86
14 5 6 58
14 13 0 40
3 2 1 53
3 7 47 26
11 2 34 59
11 7 27 32
6 7 14 41
6 6 5 74
33 14 0 0
12 4 43 33
12 3 26 39
16 18 41 62
12 3 29 77
12 18 21 59
4 4 0 55
4 3 56 89
3 1 11 79
3 2 0 65
6 9 3 65
6 9 0 83
6 1 20 36
6 2 8 63
5 7 0 76
5 18 55 26
3 9 57 62
3 9 0 67
9 18 51 44
6 5 14 48
6 2 15 63
2 12 58 0
2 9 58 12
8 3 21 77
8 9 33 61
10 9 12 17
3 5 32 16
3 2 11 77
3 18 57 71
3 7 33 70
2 3 55 86
2 9 9 65
