60 93
73
34 6 13 6
13 3 0 0
13 5 47 7
10 12 11 27
10 12 34 44
6 7 54 0
6 15 12 48
25 7 35 56
25 15 17 70
21 12 39 12
16 7 34 63
16 5 41 85
21 3 20 85
21 5 20 88
5 7 20 19
5 5 9 74
4 1 13 0
4 10 9 8
6 13 21 26
12 13 42 72
12 9 6 39
23 6 17 0
7 3 10 71
7 5 4 34
2 1 12 26
2 10 0 8
6 6 13 12
6 5 3 8
14 7 19 12
14 6 40 0
16 3 41 90
16 5 4 88
14 6 0 18
14 5 30 38
14 13 20 57
3 2 36 22
3 7 31 43
11 2 25 22
11 7 9 63
6 7 14 20
6 6 0 27
33 14 27 24
12 4 1 4
12 3 0 24
16 18 44 38
12 3 0 58
12 18 18 39
4 4 0 33
4 3 0 37
3 1 1 92
3 2 46 70
6 9 33 13
6 9 6 49
6 1 34 43
6 2 54 73
5 7 6 27
5 18 0 40
3 9 54 76
3 9 14 77
9 18 0 61
6 5 3 13
6 2 14 86
2 12 2 80
2 9 58 64
8 3 25 19
8 9 50 63
10 9 4 79
3 5 13 1
3 2 14 75
3 18 57 75
3 7 30 50
2 3 0 80
2 9 0 83
