60 91
73
34 6 16 85
13 3 16 23
13 5 35 52
10 12 50 76
10 12 0 77
6 7 0 37
6 15 54 41
25 7 29 31
25 15 24 70
21 12 16 0
16 7 35 21
16 5 16 12
21 3 34 28
21 5 0 18
5 7 55 28
5 5 43 0
4 1 52 9
4 10 56 0
6 13 48 43
12 13 48 56
12 9 0 68
23 6 3 54
7 3 50 88
7 5 47 38
2 1 13 53
2 10 6 37
6 6 54 35
6 5 37 0
14 7 10 78
14 6 21 17
16 3 13 35
16 5 35 16
14 6 0 28
14 5 0 23
14 13 34 57
3 2 3 60
3 7 48 9
11 2 15 52
11 7 37 5
6 7 54 69
6 6 10 85
33 14 13 38
12 4 36 12
12 3 0 62
16 18 0 0
12 3 0 65
12 18 12 60
4 4 32 12
4 3 30 28
3 1 9 35
3 2 1 89
6 9 26 52
6 9 28 61
6 1 8 34
6 2 6 60
5 7 49 69
5 18 8 36
3 9 16 26
3 9 25 61
9 18 51 10
6 5 29 23
6 2 4 89
2 12 14 23
2 9 46 43
8 3 0 34
8 9 48 0
10 9 19 26
3 5 32 52
3 2 57 89
3 18 0 44
3 7 5 47
2 3 32 58
2 9 3 45
