60 101
73
34 6 14 7
13 3 38 53
13 5 28 17
10 12 6 64
10 12 16 64
6 7 20 76
6 15 2 24
25 7 5 43
25 15 26 68
21 12 7 84
16 7 44 22
16 5 12 13
21 3 26 65
21 5 27 0
5 7 0 9
5 5 8 24
4 1 13 24
4 10 0 65
6 13 44 37
12 13 48 0
12 9 8 34
23 6 5 18
7 3 0 39
7 5 20 37
2 1 4 16
2 10 17 24
6 6 6 12
6 5 8 29
14 7 13 0
14 6 44 16
16 3 28 22
16 5 28 83
14 6 30 43
14 5 20 96
14 13 34 88
3 2 41 5
3 7 19 24
11 2 3 7
11 7 2 0
6 7 54 76
6 6 45 31
33 14 5 50
12 4 8 80
12 3 45 13
16 18 28 25
12 3 29 14
12 18 48 83
4 4 1 61
4 3 44 83
3 1 57 56
3 2 44 5
6 9 54 57
6 9 0 75
6 1 28 13
6 2 54 52
5 7 0 17
5 18 0 43
3 9 25 26
3 9 3 84
9 18 51 29
6 5 54 47
6 2 14 97
2 12 0 89
2 9 0 0
8 3 5 9
8 9 52 66
10 9 38 56
3 5 11 96
3 2 41 15
3 18 51 48
3 7 51 76
2 3 0 24
2 9 0 27
