60 92
73
6 34 13 0
13 3 35 0
5 13 37 11
12 10 1 26
10 12 25 62
7 6 48 30
6 15 3 77
7 25 53 67
25 15 25 36
12 21 19 0
7 16 48 9
5 16 55 31
3 21 0 71
5 21 55 4
7 5 32 5
5 5 50 36
4 1 56 30
10 4 50 47
6 13 42 11
13 12 33 24
9 12 9 77
6 23 19 55
7 3 11 89
7 5 27 51
2 1 38 86
2 10 37 66
6 6 27 30
5 6 50 41
7 14 18 78
14 6 39 67
3 16 16 61
16 5 37 87
6 14 31 10
14 5 46 25
13 14 40 73
2 3 25 53
7 3 39 8
2 11 14 65
11 7 3 70
7 6 35 60
6 6 27 24
14 33 0 36
4 12 23 22
12 3 48 0
18 16 42 51
3 12 22 43
12 18 25 74
4 4 19 30
4 3 27 21
3 1 39 66
2 3 9 89
9 6 46 3
9 6 25 56
1 6 14 37
2 6 35 68
5 7 3 1
5 18 14 43
3 9 19 46
3 9 37 76
9 18 4 8
5 6 8 2
2 6 46 30
12 2 34 3
2 9 19 21
3 8 1 18
8 9 34 51
10 9 15 34
3 5 31 0
3 2 0 69
3 18 0 0
7 3 39 5
2 3 14 62
2 9 21 21
