60 101
73
34 6 17 41
13 3 44 88
5 13 3 55
10 12 15 89
10 12 5 82
7 6 18 35
15 6 39 0
25 7 35 47
15 25 3 13
12 21 32 73
16 7 44 91
5 16 32 57
3 21 15 68
21 5 39 6
5 7 25 0
5 5 25 95
4 1 40 12
4 10 56 54
13 6 22 50
12 13 48 64
9 12 0 38
6 23 9 56
3 7 48 19
7 5 8 94
2 1 0 15
2 10 56 78
6 6 26 35
5 6 14 0
7 14 0 68
14 6 30 95
16 3 40 54
5 16 40 57
14 6 30 17
14 5 5 50
14 13 0 0
3 2 0 16
7 3 18 9
2 11 7 68
7 11 49 77
7 6 25 89
6 6 34 11
14 33 18 56
4 12 44 11
3 12 45 76
16 18 32 23
3 12 45 64
12 18 18 17
4 4 30 3
4 3 54 0
3 1 0 18
3 2 0 36
6 9 19 0
6 9 54 38
1 6 53 11
2 6 51 41
5 7 34 3
5 18 0 82
9 3 30 0
3 9 19 47
9 18 51 17
6 5 19 12
2 6 49 58
2 12 48 26
9 2 23 48
3 8 0 27
8 9 9 41
9 10 25 7
3 5 0 19
3 2 0 13
3 18 0 50
7 3 51 35
3 2 15 10
2 9 58 77
