60 96
73
34 6 21 17
13 3 18 93
13 5 2 82
10 12 11 22
10 12 33 51
6 7 49 89
6 15 0 58
25 7 33 43
25 15 31 63
21 12 12 41
16 7 15 83
16 5 0 17
21 3 10 14
21 5 33 38
5 7 10 0
5 5 16 17
4 1 11 95
4 10 56 63
6 13 6 58
12 13 37 23
12 9 15 1
23 6 8 71
7 3 48 14
7 5 26 36
2 1 25 13
2 10 31 53
6 6 31 84
6 5 31 79
14 7 43 56
14 6 43 50
16 3 0 11
16 5 37 84
14 6 17 77
14 5 40 79
14 13 23 23
3 2 16 91
3 7 12 34
11 2 37 36
11 7 37 89
6 7 17 34
6 6 31 90
33 14 27 0
12 4 3 7
12 3 36 14
16 18 15 53
12 3 19 90
12 18 0 40
4 4 6 3
4 3 49 24
3 1 8 81
3 2 7 15
6 9 54 80
6 9 54 33
6 1 38 78
6 2 1 15
5 7 55 89
5 18 55 14
3 9 51 29
3 9 0 1
9 18 2 22
6 5 11 77
6 2 49 27
2 12 58 51
2 9 58 42
8 3 19 10
8 9 0 73
10 9 0 87
3 5 3 2
3 2 54 78
3 18 12 53
3 7 57 73
2 3 53 24
2 9 49 29
