60 92
73
34 6 26 11
13 3 25 89
13 5 47 45
10 12 25 23
10 12 38 59
6 7 43 24
6 15 3 33
25 7 35 17
25 15 0 77
21 12 33 71
16 7 37 4
16 5 19 17
21 3 38 89
21 5 39 40
5 7 25 35
5 5 33 66
4 1 26 22
4 10 10 38
6 13 54 72
12 13 0 59
12 9 48 31
23 6 25 83
7 3 19 14
7 5 53 6
2 1 44 34
2 10 35 25
6 6 27 77
6 5 6 72
14 7 11 31
14 6 5 23
16 3 23 42
16 5 30 35
14 6 0 48
14 5 0 54
14 13 12 1
3 2 16 29
3 7 14 38
11 2 26 9
11 7 49 24
6 7 17 38
6 6 54 0
33 14 14 45
12 4 48 85
12 3 48 50
16 18 12 59
12 3 42 1
12 18 48 53
4 4 5 29
4 3 38 0
3 1 42 0
3 2 36 40
6 9 37 26
6 9 19 22
6 1 45 0
6 2 30 40
5 7 33 59
5 18 28 59
3 9 26 0
3 9 9 5
9 18 0 3
6 5 0 72
6 2 48 83
2 12 3 21
2 9 46 31
8 3 1 0
8 9 29 0
10 9 9 14
3 5 9 0
3 2 5 21
3 18 0 23
3 7 0 41
2 3 44 31
2 9 9 29
