60 92
73
6 34 22 5
13 3 43 22
13 5 14 57
12 10 36 51
12 10 48 50
6 7 2 36
6 15 54 60
7 25 0 43
15 25 45 25
12 21 27 71
7 16 32 23
5 16 0 4
21 3 12 52
21 5 39 75
7 5 36 66
5 5 3 31
4 1 50 0
4 10 28 24
13 6 41 16
12 13 10 6
12 9 40 83
23 6 30 1
3 7 5 13
7 5 36 61
1 2 0 30
10 2 17 55
6 6 54 16
5 6 55 86
7 14 53 2
6 14 48 60
16 3 7 0
5 16 7 52
6 14 39 25
5 14 43 61
13 14 28 9
3 2 14 55
7 3 0 0
2 11 0 32
7 11 1 20
6 7 27 55
6 6 12 62
14 33 8 19
4 12 22 40
12 3 40 80
18 16 0 76
3 12 52 80
18 12 27 39
4 4 39 71
4 3 56 22
3 1 51 74
3 2 33 60
6 9 41 7
6 9 47 7
6 1 26 51
2 6 12 56
7 5 23 0
18 5 0 71
9 3 5 3
3 9 33 51
18 9 18 62
5 6 55 80
6 2 54 0
12 2 29 7
9 2 14 3
8 3 19 71
9 8 18 84
9 10 18 74
3 5 29 34
2 3 41 22
18 3 0 68
3 7 5 6
2 3 8 7
2 9 8 10
